alpha: 0.0
 最优划分方案: (3, 1, 1, 1, 1, 0, 1, 1, 0, 0, 1, 1, 0, 1, 1, 3, 2, 0, 0, 0, 0, 3, 0, 0, 0, 0, 0, 0, 0, 0, 1, 1, 0, 2, 0, 2, 0, 2, 0, 0, 1, 0, 0, 0)
 最优F值: -0.0622360630383576
 最优latency: 0.7305061845835293
 最优loss: 0.46754053235054016
 最优acc: 0.99
alpha: 0.1
 最优划分方案: (4, 1, 0, 1, 2, 0, 1, 2, 0, 0, 1, 1, 0, 0, 1, 3, 1, 4, 0, 0, 0, 3, 0, 0, 0, 0, 1, 1, 0, 1, 1, 0, 0, 2, 0, 2, 0, 2, 2, 3, 2, 0, 0, 0)
 最优F值: 0.1505750047133888
 最优latency: 0.7288539892555294
 最优loss: 0.7620276212692261
 最优acc: 0.97
alpha: 0.2
 最优划分方案: (4, 1, 1, 1, 1, 0, 2, 2, 0, 0, 1, 0, 0, 1, 1, 3, 1, 4, 1, 0, 0, 0, 0, 1, 0, 1, 0, 1, 0, 0, 0, 1, 0, 2, 0, 1, 0, 0, 0, 1, 3, 0, 0, 0)
 最优F值: 0.4837350196666758
 最优latency: 0.7288539892555294
 最优loss: 0.5196351408958435
 最优acc: 0.99
alpha: 0.3
 最优划分方案: (4, 1, 1, 1, 2, 0, 1, 2, 0, 0, 1, 1, 0, 0, 1, 2, 2, 0, 0, 0, 1, 3, 0, 0, 0, 0, 1, 1, 0, 0, 1, 1, 0, 2, 0, 0, 0, 2, 0, 0, 3, 0, 0, 1)
 最优F值: 0.7447314352910297
 最优latency: 0.7288539892555294
 最优loss: 0.6264071464538574
 最优acc: 0.98
alpha: 0.4
 最优划分方案: (4, 1, 1, 1, 1, 0, 1, 2, 0, 0, 1, 1, 0, 1, 1, 3, 1, 2, 0, 0, 1, 3, 0, 0, 0, 0, 0, 1, 0, 0, 1, 1, 0, 2, 0, 0, 0, 0, 0, 3, 1, 0, 0, 0)
 最优F值: 1.0518961374476936
 最优latency: 0.7288539892555294
 最优loss: 0.4542982280254364
 最优acc: 0.99
alpha: 0.5
 最优划分方案: (4, 1, 3, 1, 2, 0, 1, 2, 0, 0, 1, 1, 0, 1, 1, 3, 1, 4, 0, 0, 1, 0, 0, 0, 0, 0, 0, 1, 0, 0, 1, 1, 0, 2, 0, 2, 0, 2, 0, 0, 3, 0, 0, 0)
 最优F值: 1.3093087881084822
 最优latency: 0.7288539892555294
 最优loss: 0.620678186416626
 最优acc: 0.97
alpha: 0.6
 最优划分方案: (4, 1, 1, 1, 2, 0, 1, 2, 0, 0, 1, 1, 0, 1, 1, 3, 1, 2, 0, 0, 1, 3, 0, 0, 0, 0, 0, 1, 0, 0, 1, 1, 0, 1, 0, 2, 0, 2, 0, 1, 3, 0, 0, 0)
 最优F值: 1.5900928893962276
 最优latency: 0.7288539892555294
 最优loss: 0.6309285163879395
 最优acc: 0.98
alpha: 0.7
 最优划分方案: (4, 1, 1, 1, 1, 0, 2, 2, 0, 0, 1, 1, 0, 1, 1, 3, 1, 2, 2, 0, 1, 3, 0, 0, 0, 1, 0, 1, 0, 0, 1, 0, 0, 2, 0, 0, 0, 0, 0, 3, 1, 0, 0, 3)
 最优F值: 1.8695612831347568
 最优latency: 0.7288539892555294
 最优loss: 0.665729284286499
 最优acc: 0.97
alpha: 0.8
 最优划分方案: (4, 1, 1, 1, 1, 0, 2, 2, 0, 0, 1, 1, 0, 1, 1, 3, 1, 2, 2, 0, 1, 3, 0, 0, 0, 0, 1, 1, 0, 0, 1, 1, 0, 2, 0, 0, 0, 0, 0, 0, 1, 0, 0, 0)
 最优F值: 2.16180158151487
 最优latency: 0.7288539892555294
 最优loss: 0.47530508041381836
 最优acc: 0.99
alpha: 0.9
 最优划分方案: (4, 2, 0, 0, 2, 0, 2, 2, 0, 0, 1, 1, 0, 1, 1, 5, 1, 4, 1, 0, 0, 0, 0, 0, 0, 0, 0, 1, 0, 0, 1, 1, 0, 2, 0, 0, 0, 2, 0, 0, 3, 0, 0, 0)
 最优F值: 2.4378916508962494
 最优latency: 0.7288539892555294
 最优loss: 0.5634992718696594
 最优acc: 0.98
alpha: 0.0
 最优划分方案: (4, 0, 2, 0, 2, 1, 0, 0, 0, 0, 2, 1, 0, 0, 3, 0, 2, 3, 0, 0, 0, 0, 0, 1, 0, 2, 0, 1, 5, 0, 1, 1, 0, 1, 0, 0, 0, 0, 0, 0, 2, 0, 0, 0)
 最优F值: -0.09101806462185924
 最优latency: 0.7288539892555294
 最优loss: 0.6864524483680725
 最优acc: 0.95
alpha: 0.1
 最优划分方案: (4, 1, 0, 0, 1, 1, 0, 0, 0, 0, 2, 2, 0, 0, 5, 0, 0, 5, 0, 0, 0, 0, 0, 1, 0, 2, 0, 2, 2, 0, 1, 1, 0, 0, 0, 0, 0, 0, 0, 0, 2, 0, 0, 0)
 最优F值: 0.19275562540014357
 最优latency: 0.7288539892555294
 最优loss: 0.6744338870048523
 最优acc: 0.95
alpha: 0.2
 最优划分方案: (4, 1, 2, 0, 2, 1, 0, 0, 0, 0, 2, 1, 0, 0, 3, 0, 2, 3, 0, 0, 0, 0, 0, 1, 0, 2, 0, 2, 5, 0, 1, 1, 0, 1, 0, 0, 0, 0, 0, 0, 2, 0, 0, 0)
 最优F值: 0.46774780270787075
 最优latency: 0.7288539892555294
 最优loss: 0.7011425495147705
 最优acc: 0.95
alpha: 0.3
 最优划分方案: (4, 1, 2, 0, 2, 1, 0, 0, 0, 0, 2, 1, 0, 0, 1, 6, 0, 3, 0, 0, 0, 0, 0, 0, 0, 2, 0, 1, 5, 0, 1, 1, 0, 1, 0, 0, 0, 0, 0, 0, 2, 0, 0, 0)
 最优F值: 0.7580453429459827
 最优latency: 0.7288539892555294
 最优loss: 0.6523216962814331
 最优acc: 0.96
alpha: 0.4
 最优划分方案: (4, 1, 2, 0, 2, 1, 0, 0, 0, 0, 2, 1, 0, 0, 1, 1, 2, 1, 0, 0, 0, 0, 0, 1, 0, 2, 0, 1, 2, 0, 1, 1, 0, 1, 0, 0, 0, 0, 0, 0, 2, 0, 0, 0)
 最优F值: 1.0372925183693016
 最优latency: 0.7288539892555294
 最优loss: 0.6573225259780884
 最优acc: 0.95
alpha: 0.5
 最优划分方案: (4, 1, 2, 0, 2, 1, 0, 0, 0, 0, 2, 2, 0, 0, 1, 6, 0, 3, 0, 0, 0, 0, 0, 0, 0, 2, 0, 2, 5, 0, 1, 1, 0, 2, 0, 0, 0, 0, 0, 0, 2, 0, 0, 0)
 最优F值: 1.3119530512063433
 最优latency: 0.7288539892555294
 最优loss: 0.6992068886756897
 最优acc: 0.96
alpha: 0.6
 最优划分方案: (4, 1, 3, 0, 2, 1, 0, 0, 0, 0, 2, 2, 0, 0, 5, 0, 2, 1, 0, 0, 0, 0, 0, 1, 0, 2, 0, 2, 2, 0, 1, 1, 0, 1, 1, 0, 0, 0, 0, 0, 2, 0, 0, 0)
 最优F值: 1.592983982356
 最优latency: 0.7288539892555294
 最优loss: 0.7014350891113281
 最优acc: 0.95
alpha: 0.7
 最优划分方案: (4, 1, 3, 0, 2, 1, 0, 0, 0, 0, 2, 1, 0, 0, 5, 0, 2, 3, 0, 0, 0, 0, 0, 1, 0, 2, 0, 1, 2, 0, 1, 1, 0, 2, 0, 0, 0, 0, 0, 0, 2, 0, 0, 0)
 最优F值: 1.8738309071091477
 最优latency: 0.7288539892555294
 最优loss: 0.7074740529060364
 最优acc: 0.95
alpha: 0.8
 最优划分方案: (4, 1, 2, 0, 2, 0, 0, 0, 0, 0, 0, 1, 0, 0, 3, 0, 2, 1, 0, 0, 0, 0, 0, 1, 0, 2, 0, 2, 5, 0, 1, 1, 0, 1, 0, 0, 0, 0, 0, 0, 2, 0, 0, 0)
 最优F值: 2.156085578752882
 最优latency: 0.7288539892555294
 最优loss: 0.6928414702415466
 最优acc: 0.95
alpha: 0.9
 最优划分方案: (4, 0, 0, 0, 2, 0, 0, 0, 0, 0, 2, 1, 0, 0, 3, 5, 2, 1, 0, 0, 0, 0, 0, 1, 0, 2, 0, 1, 5, 0, 1, 1, 0, 1, 0, 0, 0, 0, 0, 1, 2, 0, 0, 0)
 最优F值: 2.4376229946211585
 最优latency: 0.7288539892555294
 最优loss: 0.6761393547058105
 最优acc: 0.96
