alpha: 0.0
 最优划分方案: (4, 7, 6, 4, 5, 7, 5, 4, 5, 2, 6, 6, 3, 6, 6, 7, 6, 6, 5, 4, 5, 5, 2, 6, 4, 5)
 最优F值: 2.543611759218934
 最优latency: 2.073094732988235
 最优loss: 6.629274845123291
 最优acc: 0.01
alpha: 0.9
 最优划分方案: (3, 1, 3, 3, 3, 2, 1, 2, 1, 1, 2, 0, 0, 0, 2, 3, 0, 5, 0, 0, 2, 2, 0, 2, 0, 0)
 最优F值: 2.4384019539676123
 最优latency: 3.457050732988235
 最优loss: 1.7234435081481934
 最优acc: 0.75
alpha: 0.0
 最优划分方案: (4, 4, 5, 5, 5, 6, 3, 4, 5, 1, 5, 5, 1, 5, 5, 8, 6, 6, 4, 4, 5, 5, 2, 6, 3, 4)
 最优F值: 0.3177993788223441
 最优latency: 2.312371532988235
 最优loss: 5.36109733581543
 最优acc: 0.05
alpha: 0.9
 最优划分方案: (0, 1, 2, 0, 0, 3, 1, 1, 2, 0, 3, 2, 0, 0, 0, 0, 1, 2, 0, 0, 0, 1, 0, 2, 0, 2)
 最优F值: 0.33751688104878247
 最优latency: 3.646327932988235
 最优loss: 1.8030670881271362
 最优acc: 0.77
alpha: 0.6000000000000001
 最优划分方案: (4, 0, 6, 0, 4, 2, 5, 1, 5, 0, 6, 3, 2, 4, 3, 7, 5, 6, 2, 0, 5, 3, 1, 3, 3, 3)
 最优F值: 0.24828616836497908
 最优latency: 2.7175427329882353
 最优loss: 4.371466159820557
 最优acc: 0.16
alpha: 0.0
 最优划分方案: (0, 4, 2, 1, 1, 3, 0, 2, 2, 0, 0, 0, 1, 2, 1, 7, 1, 5, 1, 0, 0, 0, 0, 2, 0, 1)
 最优F值: -1.1000741808325194
 最优latency: 3.5599311329882353
 最优loss: 1.703042984008789
 最优acc: 0.74
alpha: 0.1
 最优划分方案: (0, 0, 5, 2, 1, 3, 2, 2, 4, 1, 3, 0, 1, 2, 0, 6, 0, 5, 2, 4, 2, 5, 0, 2, 0, 2)
 最优F值: -1.255801681831608
 最优latency: 3.2690671329882353
 最优loss: 2.9144108295440674
 最优acc: 0.47
alpha: 0.2
 最优划分方案: (0, 0, 5, 2, 1, 3, 2, 2, 4, 1, 3, 0, 1, 2, 0, 6, 0, 5, 2, 4, 2, 5, 0, 2, 0, 2)
 最优F值: -0.957679433455332
 最优latency: 3.2690671329882353
 最优loss: 2.9144108295440674
 最优acc: 0.47
alpha: 0.0
 最优划分方案: (1, 1, 2, 4, 2, 3, 2, 0, 1, 1, 2, 1, 0, 3, 1, 6, 0, 3, 0, 2, 0, 1, 0, 1, 0, 2)
 最优F值: -1.1757363467575133
 最优latency: 3.4468391329882353
 最优loss: 1.9182043075561523
 最优acc: 0.77
alpha: 0.1
 最优划分方案: (0, 4, 0, 0, 2, 2, 2, 2, 1, 0, 3, 0, 0, 3, 5, 2, 0, 6, 1, 0, 4, 1, 1, 2, 0, 2)
 最优F值: -1.0386067563991248
 最优latency: 3.433236732988235
 最优loss: 2.2296645641326904
 最优acc: 0.7
alpha: 0.2
 最优划分方案: (1, 1, 0, 1, 2, 2, 0, 0, 1, 1, 3, 1, 0, 1, 0, 7, 1, 3, 0, 0, 4, 3, 0, 1, 3, 1)
 最优F值: -0.7004236889272599
 最优latency: 3.494506332988235
 最优loss: 1.957546591758728
 最优acc: 0.72
alpha: 0.3
 最优划分方案: (1, 1, 0, 1, 2, 2, 2, 0, 2, 0, 4, 0, 1, 1, 3, 7, 1, 3, 0, 0, 0, 2, 0, 1, 0, 2)
 最优F值: -0.4156752905370048
 最优latency: 3.490429532988235
 最优loss: 1.8143157958984375
 最优acc: 0.75
alpha: 0.4
 最优划分方案: (2, 5, 0, 4, 2, 3, 2, 0, 5, 1, 3, 4, 0, 3, 5, 6, 3, 6, 1, 0, 4, 3, 0, 2, 2, 4)
 最优F值: -0.19249662268258183
 最优latency: 3.003212732988235
 最优loss: 2.485868453979492
 最优acc: 0.62
alpha: 0.5
 最优划分方案: (2, 5, 0, 4, 2, 3, 3, 0, 2, 0, 1, 2, 0, 3, 6, 7, 5, 3, 0, 0, 5, 1, 0, 1, 3, 1)
 最优F值: 0.06373064554034813
 最优latency: 3.1226943329882353
 最优loss: 2.477015256881714
 最优acc: 0.63
alpha: 0.6
 最优划分方案: (3, 1, 2, 5, 3, 2, 2, 5, 6, 1, 3, 3, 1, 3, 5, 8, 6, 6, 4, 1, 5, 4, 0, 2, 3, 4)
 最优F值: 0.4513000599802449
 最优latency: 2.7147595329882352
 最优loss: 3.183626651763916
 最优acc: 0.39
alpha: 0.7
 最优划分方案: (4, 5, 6, 5, 4, 5, 4, 5, 6, 1, 5, 4, 3, 2, 7, 8, 6, 5, 4, 1, 5, 3, 2, 1, 4, 5)
 最优F值: 0.8788056694130011
 最优latency: 2.332912332988235
 最优loss: 5.0729875564575195
 最优acc: 0.09
alpha: 0.8
 最优划分方案: (4, 3, 6, 5, 4, 7, 4, 5, 5, 1, 6, 6, 2, 5, 7, 8, 6, 7, 6, 2, 5, 4, 2, 2, 4, 5)
 最优F值: 1.4411587805243515
 最优latency: 2.1850499329882354
 最优loss: 6.2210516929626465
 最优acc: 0.01
alpha: 0.9
 最优划分方案: (4, 4, 6, 5, 3, 7, 5, 3, 4, 0, 6, 6, 2, 5, 7, 8, 6, 7, 6, 2, 4, 4, 1, 2, 4, 5)
 最优F值: 1.8802729727828256
 最优latency: 2.2494947329882353
 最优loss: 6.38528299331665
 最优acc: 0.02
alpha: 0.0
 最优划分方案: (1, 3, 2, 3, 0, 0, 1, 1, 1, 0, 1, 1, 0, 1, 4, 3, 1, 4, 0, 0, 0, 2, 0, 0, 0, 0)
 最优F值: -1.0497824263718536
 最优latency: 3.5614599329882353
 最优loss: 1.4696722030639648
 最优acc: 0.79
alpha: 0.1
 最优划分方案: (1, 3, 2, 2, 0, 0, 1, 1, 1, 0, 3, 1, 0, 2, 4, 3, 1, 2, 0, 1, 0, 2, 0, 0, 1, 1)
 最优F值: -0.8378018763940693
 最优latency: 3.500307932988235
 最优loss: 1.5242751836776733
 最优acc: 0.78
alpha: 0.2
 最优划分方案: (1, 4, 0, 2, 0, 2, 1, 0, 1, 0, 1, 1, 0, 2, 4, 3, 1, 2, 0, 1, 0, 2, 0, 0, 1, 1)
 最优F值: -0.6092517625065432
 最优latency: 3.5451527329882353
 最优loss: 1.5208255052566528
 最优acc: 0.77
alpha: 0.3
 最优划分方案: (1, 3, 0, 2, 0, 2, 1, 0, 1, 0, 0, 0, 0, 1, 5, 1, 2, 4, 3, 0, 0, 3, 0, 0, 1, 1)
 最优F值: -0.3841296522556409
 最优latency: 3.525082332988235
 最优loss: 1.5534945726394653
 最优acc: 0.78
alpha: 0.4
 最优划分方案: (1, 3, 2, 3, 0, 2, 1, 0, 1, 0, 0, 0, 0, 2, 5, 1, 2, 4, 0, 0, 2, 2, 0, 0, 1, 1)
 最优F值: -0.1456316220408187
 最优latency: 3.4866663329882353
 最优loss: 1.571761131286621
 最优acc: 0.77
alpha: 0.5
 最优划分方案: (1, 3, 2, 3, 0, 0, 2, 2, 1, 0, 4, 3, 1, 0, 5, 5, 3, 5, 2, 1, 1, 2, 0, 0, 3, 4)
 最优F值: 0.14227502544598802
 最优latency: 3.1500167329882354
 最优loss: 1.9132659435272217
 最优acc: 0.68
alpha: 0.6
 最优划分方案: (3, 5, 5, 2, 4, 5, 3, 5, 3, 1, 2, 5, 0, 4, 4, 9, 6, 5, 4, 1, 4, 3, 0, 2, 3, 4)
 最优F值: 0.47540971020979417
 最优latency: 2.648903532988235
 最优loss: 3.1225008964538574
 最优acc: 0.42
alpha: 0.7
 最优划分方案: (4, 5, 5, 5, 3, 5, 3, 2, 3, 1, 4, 4, 1, 3, 6, 6, 6, 7, 4, 4, 5, 3, 0, 5, 3, 4)
 最优F值: 0.879831794862584
 最优latency: 2.4900259329882353
 最优loss: 3.7798268795013428
 最优acc: 0.29
alpha: 0.8
 最优划分方案: (4, 5, 4, 4, 3, 6, 5, 3, 4, 1, 4, 5, 2, 2, 6, 9, 6, 7, 5, 4, 5, 3, 0, 5, 3, 5)
 最优F值: 1.3411657824652723
 最优latency: 2.356589132988235
 最优loss: 4.82234525680542
 最优acc: 0.11
alpha: 0.9
 最优划分方案: (4, 3, 6, 4, 5, 6, 5, 3, 4, 2, 6, 5, 3, 2, 7, 9, 6, 6, 4, 4, 3, 5, 1, 5, 3, 4)
 最优F值: 1.909232991493043
 最优latency: 2.241497932988235
 最优loss: 6.248194217681885
 最优acc: 0.0
alpha: 0.0
 最优划分方案: (0, 1, 0, 0, 0, 0, 1, 1, 0, 0, 2, 0, 0, 0, 0, 4, 2, 0, 0, 1, 2, 0, 0, 0, 0, 2)
 最优F值: -1.0373580457198655
 最优latency: 3.740407932988235
 最优loss: 1.653483271598816
 最优acc: 0.8
alpha: 0.1
 最优划分方案: (0, 1, 3, 2, 2, 0, 1, 2, 1, 0, 2, 1, 1, 0, 0, 4, 2, 0, 0, 1, 2, 0, 0, 0, 0, 2)
 最优F值: -0.8491305000934074
 最优latency: 3.582980732988235
 最优loss: 1.7577542066574097
 最优acc: 0.79
alpha: 0.2
 最优划分方案: (2, 2, 3, 3, 2, 4, 2, 2, 1, 0, 2, 2, 1, 2, 5, 8, 6, 5, 0, 2, 1, 3, 0, 3, 0, 4)
 最优F值: -0.7532259513396292
 最优latency: 3.0162271329882353
 最优loss: 2.4137866497039795
 最优acc: 0.65
alpha: 0.3
 最优划分方案: (2, 2, 3, 3, 2, 4, 3, 2, 1, 0, 2, 2, 1, 2, 5, 8, 6, 4, 0, 2, 1, 3, 0, 3, 0, 4)
 最优F值: -0.4441716347205557
 最优latency: 3.004467132988235
 最优loss: 2.393284797668457
 最优acc: 0.64
alpha: 0.4
 最优划分方案: (2, 2, 3, 3, 2, 4, 2, 2, 3, 0, 2, 4, 1, 2, 5, 8, 6, 4, 0, 2, 1, 3, 0, 3, 0, 4)
 最优F值: -0.14534583677916424
 最优latency: 2.957113532988235
 最优loss: 2.4622037410736084
 最优acc: 0.63
alpha: 0.5
 最优划分方案: (2, 2, 3, 3, 2, 4, 2, 2, 3, 0, 3, 4, 1, 2, 5, 8, 6, 5, 0, 2, 1, 3, 0, 3, 2, 4)
 最优F值: 0.16365128606097368
 最优latency: 2.887964732988235
 最优loss: 2.5990054607391357
 最优acc: 0.6
alpha: 0.6
 最优划分方案: (2, 2, 3, 3, 2, 4, 2, 2, 3, 0, 3, 4, 1, 2, 5, 8, 6, 5, 0, 2, 1, 3, 0, 3, 2, 4)
 最优F值: 0.48312605240039397
 最优latency: 2.887964732988235
 最优loss: 2.5990054607391357
 最优acc: 0.6
alpha: 0.7
 最优划分方案: (2, 2, 3, 3, 2, 4, 3, 2, 3, 0, 4, 4, 1, 2, 5, 8, 6, 5, 0, 2, 1, 3, 0, 3, 2, 4)
 最优F值: 0.8089798944264738
 最优latency: 2.8566047329882354
 最优loss: 2.707692861557007
 最优acc: 0.53
alpha: 0.8
 最优划分方案: (4, 1, 6, 5, 4, 6, 3, 5, 6, 1, 5, 4, 3, 5, 5, 8, 6, 5, 5, 4, 3, 5, 0, 3, 4, 4)
 最优F值: 1.3699374115526888
 最优latency: 2.343888332988235
 最优loss: 5.514217376708984
 最优acc: 0.02
alpha: 0.9
 最优划分方案: (4, 1, 6, 5, 4, 6, 2, 5, 6, 1, 5, 5, 3, 5, 6, 8, 6, 4, 5, 4, 5, 5, 2, 4, 4, 5)
 最优F值: 1.9754742460390418
 最优latency: 2.237891532988235
 最优loss: 6.023163318634033
 最优acc: 0.01
